  
1000111111111111111111111111111111111111111111111111111111111111111111111111111111111111111111111111111111111111111111111111111122222222222222222222222222222222222222222222222222222222222222222222222222222222222222222222222222222222222222222222222222222222222222222222222222222222222222222222222222222222222222222222222222222222222222222222222222222
2000222222222222222222222222222222222222222222222222222222222222222222222222222222222222222222222222222222222222222222221111111122222222222222222222222222222222222222222222222222222222222222222222222222222222222222222222222222222222222222200000000002222222222222222222222222222222222222222222000000000000000000000000000000000000000000222222222222222
2000000000000022000000000000022220000000222000000000020000000000000222222222222222222222222222222222222222222222222222221111111122222222222222222222222222222222222222222222222222222222222222222222222222222222222222222222222222222222222222200000000002222222222222222222222222222222222220000000000000000000000000000000000000000000000000022222222222222
2000000000000002000000000000002200000000022000000000020000000000000022222222222222222222222222222222222222222222222222221111111122222222222222222222222222222222222222222222222222222222222222222222222222222222222222222222222222222222222222200000000002222222222222222222222222222222220000000000000000000000000000000000000000000000000000000222222222222
2000000000000000000000000000002200000000002000000000000000000000000002222222222222222222222222222222222222222222222222221111111222222222222222222222222222222222222222222222222222222222222222222222222222222222222222222222222222222222222222200000000002222222222222222222222222222222200000000000000000000000000000000000000000000000000000000222222222222
2000000000000000000000000000000200000000002000000000000000000000000000222222222222222222222222222222222222222222222222221111120000000000000000000000000000000000000000000000000000000000000000000000000000000000000000000000000000000000000000000000000000000000000000000000000000000000000000333000000000000000000000000000000000000000000000000000000000000
2000000000000000000000000000000000000000000000000000000000000000000000022222222222222222222222222222222222222222222222221111200000000000000000000000000000000000000000000000000000000000000000000000000000000000000000000000000000000000000000000000000000000000000000000000000000000000000000000000000300000000000000000000000000000000000000000000000000000
2000000000000000000000000000000000000000000000000000000000000000000000002222222222222222222222222222222222222222222222222222000000000000000000000000000000000000000000000000000000000000000000000000000000000000000000000000111111111111111110000000000000000000000000000000000000000000000000000000000300000000000000000000000000000000000040000000000000005
2000000000000000000000000000000000000011111111000000000000000000000000000222222222222222222222222222222222222222222222220000000000000000000000000000000000300000000000000000000000000000000000000000000000003330000000000000012222222222222211111111111111111111111111111111111111111111111111111111111111111111111111111111111111111111111111111111111111111
2000000000000000000000000000000000000100000000011100000000000000000000000022222222222222222222222222222222222222222222220000000000000003000000000000000000300000000000000000000000000000000000000000000000000000000000001110001222222222222222222222222222222222222222222222222222222222222222222222222222222222222222222222222222222222222222222222222222222
2000000000000000000000000000000000003000000000000000000000000000000000000000000000000000000000000000000000000000000000020000000022222333222222220000002222222222000000002222222220000000000000000000000000000000000000000000000122222222222222222222222222222222222222222222222222222222222222222222222222222222222222222222222222222222222222222222222222222
2000000000000000000000000000000000003000000000000000000000000000000000000000000000000000000000000000000000000000000000020000000022222222222222230000000000000000000000003222222221000000000000000000000000000111110000000000000013222222222222222222222222222222222222222222222222222222222222222222222222222222222222222222222222222222222222222222222222222
2111111111133311111111111111111111333111300031111111111111111111111111111111111111111100011111111111111111111111111111120000000022222222222222230000000000000000000000003222222222100000000000000000000000000000000000000000000003222222222222222222222222222222222222222222222222222222222222222222222222222222222222222222222222222222222222222222222222222
2222222222222222222222222222222222222222000002222222222222222222222222222222222222222200022222222222222222222222222222222220000022222222222222222222222222222222222222222222222222210000000000000000000000000000000011110000000003222222222222222222222222222222222222222222222222222222222222222222222222222222222222222222222222222222222222222222222222222
2222222222222222222222222222222222222222000002222222222222222222222222222222222222222200022222222222222222222222222222220000000032222222222222222222222222222222222222222222222222221000000000000000000000000000000000000000111003222222222222222222222222222222222222222222222222222222222222222222222222222222222222222222222222222222222222222222222222222
2222222222222222222222222222222222222222000002222222222222222222222222222222222222222200022222222222222222222222222222220000000032222222222222222222222222222222222222222222222222222110000000000000000000000000000000000000000003222222222222222222222222222222222222222222222222222222222222222222222222222222222222222222222222222222222222222222222222222
2222222222222222222222222222222222222222000002222222222222222222222222222222222222222200022222222222222222222222222222220000000032222222222222222222222222222222222222222222222222222211100000000000000000000000000000000000000003222222222222222222222222222222222222222222222222222222222222222222222222222222222222222222222222222222222222222222222222222
2222222222222222222222222222222222222222000002222222222222222222222222222222222222222200022222222222222222222222222222220000022222222222222222222222222222222222222222222222222222222221111000000000000000000000000000001111100003222222222222222222222222222222222222222222222222222222222222222222222222222222222222222222222222222222222222222222222222222
2222222222222222222222222222222222222222000002222222222222222222222222222222222222222200022222222222222222222222222222220000000022222222222222222222222222222222222222222222222222222222211110000000000000000000000000000000000003222222222222222222222222222222222222222222222222222222222222222222222222222222222222222222222222222222222222222222222222222
2222222222222222222222222222222222222222000002222222222222222222222222222222222222222200022222222222222222222222222222230000000032222222222222222222222222222222222222222222222222222222222211000000000000000033000000000000000003222222222222222222222222222222222222222222222222222222222222222222222222222222222222222222222222222222222222222222222222222
2222222222222222222222222222222222222222000002222222222222222222222222222222222222222200022222222222222222222222222222230000000032222222222222222222222222222222222222222222222222222222222221100000000000000000000011111000000003222222222222222222222222222222222222222222222222222222222222222222222222222222222222222222222222222222222222222222222222222
2222222222222222222222222222222222222222000002222222222222222222222222222222222222222200022222222222222222222222222222222220000032222222222222222222222222222222222222222222222222222222222222110000000000000000000000000000000003222222222222222222222222222222222222222222222222222222222222222222222222222222222222222222222222222222222222222222222222222
2222222222222222222222222222222222222222000002222222222222222222222222222222222222222200000000000000000000000000000000000000000022222222222222222222222222222222222222222222222222222222222222211100000000000111100000000000000003222222222222222222222222222222222222222222222222222222222222222222222222222222222222222222222222222222222222222222222222222
2222222222222222222222222222222222222222000002222222222222222222222222222222222222222200000000000000000000000000000000000000000022222222222222222222222222222222222222222222222222222222222222222211100111000000000000000000000003222222222222222222222222222222222222222222222222222222222222222222222222222222222222222222222222222222222222222222222222222
2222222222222222222222222222222222222222300032222222222222222222222222222222222222222222222222222222222222222222222222222222222222222222222222222222222222222222222222222222222222222222222222222222333333333333333333333333333332222222222222222222222222222222222222222222222222222222222222222222222222222222222222222222222222222222222222222222222222222
20000000000000000000000000000000000000000000000000000000000000000000000000000000000000000000000000001
20000000000000000000000000000000000000000000000000000000000000000000000000000000000000000000000000001
20000000000000000000000000000000000000000000000000000000000000000000000000000000000000000000000000001
20000000000000000000000000000000000000000000000000000000000000000000000000000000000000000000000000001
20000000000000000000000000000000000000000000000000000000000000000000000000000000000000000000000000001
20000000000000000000000000000000000000000000000000000000000000000000000000000000000000000000000000001
20000000000000000000000000000000000000000000000000000000000000000000000000000000000000000000000000001
20000000000000000000000000000000000000000000000000000000000000000000000000000000000000000000000000001
20000000000000000000000000000000000000000000000000000000000000000000000000000000000000000000000000001
20000000000000000000000000000000000000000000000000000000000000000000000000000000000000000000000000001
20000000000000000000000000000000000000000000000000000000000000000000000000000000000000000000000000001
20000000000000000000000000000000000000000000000000000000000000000000000000000000000000000000000000001
20000000000000000000000000000000000000000000000000000000000000000000000000000000000000000000000000001
20000000000000000000000000000000000000000000000000000000000000000000000000000000000000000000000000001
20000000000000000000000000000000000000000000000000000000000000000000000000000000000000000000000000001
20000000000000000000000000000000000000000000000000000000000000000000000000000000000000000000000000001
20000000000000000000000000000000000000000000000000000000000000000000000000000000000000000000000000001
20000000000000000000000000000000000000000000000000000000000000000000000000000000000000000000000000001
20000000000000000000000000000000000000000000000000000000000000000000000000000000000000000000000000001
20000000000000000000000000000000000000000000000000000000000000000000000000000000000000000000000000001
20000000000000000000000000000000000000000000000000000000000000000000000000000000000000000000000000001
20000000000000000000000000000000000000000000000000000000000000000000000000000000000000000000000000001
20000000000000000000000000000000000000000000000000000000000000000000000000000000000000000000000000001
25555555555555555555555555555555555551111111111111111555555555555555555555555555555555555555555555551
11111111111111111111111111111111111111111111111111111111111111111111111111111111111111111111111111111